1691347101.894114 0.0000000 0.0000000 0.0000000 0.0000000 0.0000000 0.0000000 1.0000000
1691347120.155963 -0.0147783 0.0118979 0.0051181 -0.0547944 0.0085536 0.0145655 0.9983548
1691347121.000871 -0.0149025 0.0151159 0.0049350 -0.0632684 0.0085540 0.0144070 0.9978559
1691347128.150597 -0.0205289 0.0157826 0.0055506 -0.0798051 0.0145613 0.0207721 0.9964877
1691347133.798141 -0.0241744 0.0166617 0.0035714 -0.0735815 0.0048467 0.0245915 0.9969742
1691347145.245912 -0.0610181 0.0267558 -0.0096564 -0.0583594 0.0031346 0.0421783 0.9973993
1691347295.301353 -0.1445615 0.0770096 0.0087497 -0.2021632 0.0062651 0.0333376 0.9787642
1691347296.508381 -0.1456810 0.0762008 0.0061459 -0.2177417 0.0046826 0.0307307 0.9755113
1691347297.800575 -0.1498450 0.0799854 0.0029533 -0.2363503 0.0226916 0.0161675 0.9712684
1691347347.807011 -0.1680035 0.1321239 -0.0123721 -0.1991829 0.1056287 -0.0144442 0.9741458
1691347353.200821 -0.1734554 0.1348273 -0.0088630 -0.1927592 0.1144132 -0.0265645 0.9741909
1691347372.222098 -0.1679649 0.1443677 -0.0086111 -0.1185740 0.1654292 -0.0035502 0.9790612
1691347388.409645 -0.1718460 0.1455202 -0.0144937 -0.0936169 0.0327350 0.0318823 0.9945591
1691347392.412837 -0.1744624 0.1472733 -0.0150882 -0.1956307 0.0298373 0.0106461 0.9801658
1691347551.178510 -0.1758063 0.1487007 -0.0096962 -0.1981204 0.0303117 0.0129935 0.9796227
1691347688.913105 -0.1760385 0.2094838 0.1131497 -0.2019939 0.0458986 0.0047155 0.9782993
1691347690.577821 -0.1750303 0.2111455 0.1155821 -0.2036864 0.0454342 0.0059789 0.9779631
1691347878.082185 -0.1730161 0.2553741 0.2066934 -0.1987652 0.0289124 0.0106833 0.9795623
1691347924.746668 -0.1728564 0.2736887 0.2440887 -0.1996925 0.0291039 0.0115479 0.9793582
1691348018.259495 -0.1733591 0.3152452 0.3263667 -0.2018758 0.0361809 0.0086353 0.9787045
1691348057.589730 -0.1729519 0.3319465 0.3636472 -0.2015864 0.0366349 0.0085415 0.9787481
1691348186.871591 -0.1711668 0.3547175 0.4097774 -0.2005802 0.0501521 0.0014839 0.9783916
1691348220.784534 -0.1717457 0.3677821 0.4392494 -0.1848914 0.0621625 -0.0084430 0.9807547
1691348223.937651 -0.1716250 0.3708712 0.4419993 -0.2014217 0.0321970 0.0092555 0.9789315
1691348246.947188 -0.1706720 0.3820334 0.4627653 -0.2019864 0.0450444 0.0057764 0.9783348
1691348254.808241 -0.1702508 0.3854713 0.4706380 -0.2001772 0.0452574 0.0050671 0.9787008
1691348326.166882 -0.1700858 0.4216772 0.5453995 -0.1829287 0.0423387 0.0009647 0.9822136
1691348332.591983 -0.1692931 0.4295313 0.5592315 -0.2074897 0.0314559 0.0114540 0.9776642
1691348336.618105 -0.1694906 0.4325396 0.5654522 -0.2079494 0.0311589 0.0106568 0.9775851
1691348339.921885 -0.1694308 0.4362378 0.5727777 -0.2075607 0.0348352 0.0108286 0.9775417
1691348451.234382 -0.1698478 0.4443698 0.5886382 -0.2064872 0.0317551 0.0089689 0.9778928
1691348466.836316 -0.1698365 0.4584256 0.6134191 -0.1967198 0.0336056 0.0087487 0.9798446
1691348534.027866 -0.1651912 0.4778771 0.6662841 -0.2107929 0.0419251 0.0066769 0.9766085
1691348560.089965 -0.1646986 0.5035044 0.7113096 -0.2131612 0.0582521 0.0040594 0.9752705
1691348563.615304 -0.1648444 0.5077074 0.7190261 -0.2119109 0.0618927 0.0049139 0.9753148
1691348586.996951 -0.1659954 0.5272433 0.7602912 -0.2109377 0.0610747 0.0025024 0.9755865
1691348763.310592 -0.1663171 0.5359181 0.7774204 -0.2080504 0.0576872 0.0039783 0.9764074
1691348780.134714 -0.1662980 0.5436574 0.7921293 -0.2095858 0.0647400 0.0027147 0.9756409
1691348781.408062 -0.1665896 0.5442399 0.7926681 -0.2073831 0.0643644 0.0027585 0.9761362
1691348799.925220 -0.1637323 0.5598486 0.8253451 -0.1927166 0.0209853 0.0122960 0.9809530
1691348808.757632 -0.1654392 0.5665156 0.8379435 -0.2076234 0.0318746 0.0087670 0.9776500
1691348828.434241 -0.1662801 0.5822501 0.8694175 -0.2069890 0.0585311 0.0028300 0.9765868
1691348829.725181 -0.1666341 0.5832190 0.8718322 -0.2056423 0.0695705 -0.0006645 0.9761510
1691348838.044877 -0.1650386 0.5903375 0.8851483 -0.2091788 0.0827016 -0.0022482 0.9743714
1691348868.906439 -0.1634865 0.6171324 0.9376015 -0.2172308 0.0832940 -0.0015064 0.9725588
1691348870.900050 -0.1627874 0.6200848 0.9435390 -0.2128733 0.0616732 0.0028142 0.9751274
1691349021.757790 -0.1622420 0.6352819 0.9749775 -0.2126250 0.0782003 -0.0012625 0.9739988
1691349029.843808 -0.1629166 0.6396528 0.9829924 -0.2123235 0.0815577 -0.0044097 0.9737801
1691349046.393239 -0.1611886 0.6551431 1.0124620 -0.2076731 0.0649823 0.0023021 0.9760348
1691349049.300089 -0.1608370 0.6572390 1.0199440 -0.2053304 0.0673966 0.0005050 0.9763692
1691349056.826924 -0.1615413 0.6644588 1.0303295 -0.2039659 0.0751286 -0.0027731 0.9760870
1691349063.824367 -0.1595924 0.6706985 1.0438888 -0.2034991 0.0922295 -0.0069119 0.9746969
1691349252.583560 -0.1541258 0.7231135 1.1545975 -0.1652132 0.0524850 0.0616495 0.9829289
1691349310.267838 -0.1544607 0.7207516 1.1496155 -0.1898204 0.0528843 0.0487720 0.9791796
1691349321.011707 -0.1557365 0.7197291 1.1486604 -0.1901542 0.0539754 0.0462180 0.9791792
1691349417.283376 -0.1526318 0.7327739 1.1728119 -0.1952552 0.0575897 0.0468240 0.9779398
1691349432.651641 -0.1522310 0.7399814 1.1857527 -0.1962910 0.0636531 0.0427899 0.9775414
1691349455.866951 -0.1508363 0.7496308 1.2051704 -0.1965411 0.0730747 0.0391301 0.9769854
1691349458.694860 -0.1503390 0.7508808 1.2069262 -0.1993964 0.0729580 0.0394339 0.9764032
1691349528.899417 -0.1492249 0.7828656 1.2660998 -0.1975021 0.0752982 0.0406963 0.9765587
1691349531.101082 -0.1489626 0.7846003 1.2695826 -0.1957405 0.0750874 0.0408348 0.9769238
1691349533.305852 -0.1487806 0.7860582 1.2725086 -0.1963358 0.0748221 0.0409306 0.9768206
1691349535.836633 -0.1495149 0.7896920 1.2790351 -0.1999913 0.0540661 0.0451215 0.9772637
1691349540.287904 -0.1494955 0.7937393 1.2867029 -0.2012701 0.0546468 0.0468191 0.9768890
1691349545.212087 -0.1487823 0.7989850 1.2967283 -0.1986456 0.0596369 0.0452740 0.9772071
1691349556.085544 -0.1472144 0.8077781 1.3138610 -0.1971488 0.0671967 0.0437533 0.9770889
1691349560.016521 -0.1480824 0.8114388 1.3211979 -0.1992460 0.0513445 0.0498660 0.9773322
1691349563.699943 -0.1478181 0.8138655 1.3253529 -0.2036874 0.0530551 0.0492928 0.9763538
1691349565.456674 -0.1476959 0.8156043 1.3290372 -0.2018902 0.0551992 0.0480913 0.9766681
1691349566.978494 -0.1472840 0.8171998 1.3326402 -0.1950930 0.0587212 0.0476477 0.9778652
1691349750.673240 -0.1467598 0.8226922 1.3430721 -0.1964213 0.0625076 0.0455850 0.9774628
1691349777.903567 -0.1467361 0.8226624 1.3430165 -0.1965343 0.0624396 0.0455890 0.9774442
