1691347551.178510 -0.1758063 0.1487007 -0.0096962 -0.1981204 0.0303117 0.0129935 0.9796227
1691347688.913105 -0.1760385 0.2094838 0.1131497 -0.2019939 0.0458986 0.0047155 0.9782993
1691347690.577821 -0.1750303 0.2111455 0.1155821 -0.2036864 0.0454342 0.0059789 0.9779631
1691347878.082185 -0.1730161 0.2553741 0.2066934 -0.1987652 0.0289124 0.0106833 0.9795623
1691347924.746668 -0.1728564 0.2736887 0.2440887 -0.1996925 0.0291039 0.0115479 0.9793582
1691348018.259495 -0.1733591 0.3152452 0.3263667 -0.2018758 0.0361809 0.0086353 0.9787045
1691348057.589730 -0.1729519 0.3319465 0.3636472 -0.2015864 0.0366349 0.0085415 0.9787481
1691348186.871591 -0.1711668 0.3547175 0.4097774 -0.2005802 0.0501521 0.0014839 0.9783916
1691348220.784534 -0.1717457 0.3677821 0.4392494 -0.1848914 0.0621625 -0.0084430 0.9807547
1691348223.937651 -0.1716250 0.3708712 0.4419993 -0.2014217 0.0321970 0.0092555 0.9789315
1691348246.947188 -0.1706720 0.3820334 0.4627653 -0.2019864 0.0450444 0.0057764 0.9783348
1691348254.808241 -0.1702508 0.3854713 0.4706380 -0.2001772 0.0452574 0.0050671 0.9787008
1691348326.166882 -0.1700858 0.4216772 0.5453995 -0.1829287 0.0423387 0.0009647 0.9822136
1691348332.591983 -0.1692931 0.4295313 0.5592315 -0.2074897 0.0314559 0.0114540 0.9776642
