1691333845.471390 0.0002336 0.0029736 0.0436198 -0.0051914 -0.0091066 -0.0004500 0.9999450
1691333860.564010 0.0058272 -0.0048953 0.0828717 -0.0076401 -0.0146891 -0.0002460 0.9998629
1691333899.298971 -0.0003794 0.0184831 0.2132373 -0.0021415 -0.0270809 -0.0009366 0.9996305
1691333902.067766 -0.0012968 0.0196805 0.2315442 0.0031288 -0.0221969 -0.0013853 0.9997478
1691333907.536761 -0.0025044 0.0228283 0.2637834 0.0058342 -0.0287667 0.0000790 0.9995691
1691333912.785851 -0.0058617 0.0257491 0.2929976 0.0043978 -0.0328959 0.0006470 0.9994489
1691333920.175173 -0.0075673 0.0292583 0.3299063 0.0037643 -0.0384980 0.0011626 0.9992509
1691333929.361193 -0.0106197 0.0318293 0.3787157 -0.0022265 -0.0410228 0.0021898 0.9991533
1691333944.150492 -0.0119844 0.0409893 0.4613773 0.0018546 -0.0318400 -0.0015620 0.9994900
1691333947.458436 -0.0137115 0.0409470 0.4736110 0.0024169 -0.0326327 -0.0010702 0.9994639
1691333959.363606 -0.0142936 0.0474795 0.5455995 0.0046229 -0.0230868 -0.0012531 0.9997220
1691333963.451940 -0.0144358 0.0500131 0.5688928 0.0007250 -0.0179283 -0.0016043 0.9998377
1691333964.683567 -0.0135267 0.0512098 0.5748796 0.0007865 -0.0167171 -0.0009051 0.9998595
1691333971.594064 -0.0146834 0.0540741 0.6117045 0.0039880 -0.0125033 -0.0013497 0.9999130
1691333975.845202 -0.0142412 0.0564212 0.6363357 0.0011191 -0.0062676 -0.0012597 0.9999790
1691333978.308277 -0.0142789 0.0575803 0.6509814 0.0010552 -0.0048676 -0.0020953 0.9999854
1691333982.701844 -0.0132718 0.0585802 0.6746887 0.0032230 -0.0021878 -0.0007365 0.9999921
1691333988.031963 -0.0133370 0.0608010 0.6984647 0.0024296 -0.0050857 -0.0015244 0.9999830
1691333991.944972 -0.0126625 0.0628536 0.7181764 0.0009818 -0.0015348 -0.0008856 0.9999980
1691333994.002727 -0.0124137 0.0630525 0.7292923 0.0031367 -0.0025380 -0.0008630 0.9999915
1691333998.053399 -0.0123248 0.0673940 0.7547343 -0.0058204 -0.0034975 -0.0005125 0.9999768
1691334000.321188 -0.0122694 0.0685922 0.7644263 -0.0053782 -0.0045136 -0.0010389 0.9999748
1691334001.841933 -0.0114219 0.0684930 0.7757360 0.0022381 -0.0018932 -0.0007952 0.9999954
1691334004.828200 -0.0113114 0.0691019 0.7892805 0.0040649 -0.0026262 -0.0013345 0.9999874
1691334006.961442 -0.0107228 0.0699013 0.8000475 0.0049076 0.0025180 -0.0017435 0.9999833
1691334011.032927 -0.0098637 0.0726266 0.8267989 0.0029373 0.0042783 -0.0004981 0.9999864
1691334014.291393 -0.0093118 0.0739807 0.8485084 0.0040203 0.0033782 -0.0009695 0.9999858
1691334018.079669 -0.0088697 0.0741616 0.8530627 0.0051305 0.0022079 -0.0007208 0.9999841
1691334025.591841 -0.0092213 0.0741226 0.8531109 0.0051286 0.0027183 -0.0006767 0.9999829
