1691334713.059695 -0.0020439 0.0045625 0.0480019 0.0010418 0.0055695 -0.0009161 0.9999835
1691334713.477616 -0.0027211 0.0048581 0.0499825 0.0018009 0.0061439 -0.0010541 0.9999790
1691334713.823630 -0.0027652 0.0041059 0.0508084 0.0025147 0.0056785 -0.0008828 0.9999803
1691334721.824077 -0.0040706 0.0078981 0.0836059 0.0021780 0.0090696 -0.0010668 0.9999560
1691334731.929909 -0.0064942 0.0091811 0.1244630 0.0040386 0.0088555 -0.0018897 0.9999508
1691334737.108177 -0.0051104 0.0133378 0.1496481 0.0029556 0.0070601 -0.0010238 0.9999702
1691334770.133362 -0.0112363 0.0285204 0.2976828 -0.0213614 0.0254512 -0.0053030 0.9994338
1691334778.453312 -0.0134336 0.0312115 0.3316788 -0.0082657 0.0306334 -0.0056035 0.9994808
1691334786.941990 -0.0095252 0.0360336 0.3704300 -0.0093047 0.0369077 -0.0050743 0.9992625
1691334789.543889 -0.0081849 0.0369961 0.3768857 -0.0082544 0.0373083 -0.0046558 0.9992589
1691334802.659060 -0.0086791 0.0420446 0.4350227 -0.0045693 0.0419730 -0.0051978 0.9990948
1691334813.002137 -0.0074539 0.0479865 0.4837268 -0.0104695 0.0569883 -0.0041571 0.9983113
1691334832.810057 -0.0042365 0.0589639 0.5675660 -0.0078148 0.0672456 -0.0064430 0.9976851
1691334843.840903 0.0005713 0.0639133 0.6193781 -0.0196139 0.0739082 -0.0075148 0.9970438
1691334850.578448 0.0028395 0.0669475 0.6530944 -0.0202605 0.0716102 -0.0078258 0.9971962
1691334853.258930 0.0032388 0.0686195 0.6604095 -0.0227980 0.0755554 -0.0067917 0.9968578
1691334865.382182 0.0091070 0.0762164 0.7187687 -0.0198161 0.0759737 -0.0069917 0.9968884
1691334877.456964 0.0142509 0.0818921 0.7770116 -0.0176756 0.0722916 -0.0050659 0.9972140
1691334879.574614 0.0144500 0.0831810 0.7862419 -0.0200143 0.0706697 -0.0046281 0.9972882
1691334908.550026 0.0233751 0.0960020 0.9239650 -0.0091761 0.0610608 -0.0014657 0.9980908
1691334913.355330 0.0251583 0.1008506 0.9490480 -0.0128425 0.0562719 -0.0008641 0.9983325
1691334918.128187 0.0263328 0.1022504 0.9682409 -0.0148522 0.0546961 -0.0002297 0.9983926
1691334921.665541 0.0274512 0.1043616 0.9993529 -0.0108883 0.0500936 0.0008206 0.9986848
1691334942.769128 0.0302587 0.1248652 1.2036268 -0.0074008 0.0328765 0.0012220 0.9994313
1691334947.137854 0.0314742 0.1267684 1.2495530 -0.0055948 0.0317431 0.0020010 0.9994784
1691334951.274721 0.0315591 0.1320794 1.2927006 -0.0084001 0.0276377 0.0020844 0.9995806
1691334961.806782 0.0309967 0.1432552 1.3971088 -0.0065077 0.0146391 0.0027434 0.9998679
1691334965.820462 0.0284900 0.1461865 1.4348923 -0.0036020 0.0075271 0.0032337 0.9999599
1691334972.561121 0.0273751 0.1525527 1.4995219 -0.0064476 -0.0028777 0.0041993 0.9999663
1691334978.919187 0.0203188 0.1595650 1.5676905 -0.0084682 -0.0098439 0.0027908 0.9999118
1691334982.852393 0.0188070 0.1615295 1.6020398 -0.0066255 -0.0121285 0.0035153 0.9998983
1691334988.754697 0.0124655 0.1678819 1.6615719 -0.0050223 -0.0198330 0.0045957 0.9997801
1691334990.601169 0.0101722 0.1691836 1.6755060 -0.0043754 -0.0207187 0.0045758 0.9997653
1691334995.123766 0.0053608 0.1738451 1.7224110 -0.0031277 -0.0245426 0.0048567 0.9996821
1691335004.699363 -0.0048801 0.1818802 1.8051068 -0.0015857 -0.0283024 0.0058410 0.9995811
1691335008.217389 -0.0118928 0.1844164 1.8487077 -0.0045262 -0.0302213 0.0059258 0.9995154
1691335013.890187 -0.0162779 0.1895497 1.8984287 -0.0011818 -0.0392612 0.0067275 0.9992056
1691335015.630719 -0.0205408 0.1905329 1.9176232 -0.0002912 -0.0398430 0.0054659 0.9991910
1691335023.201005 -0.0315656 0.1959863 1.9897369 -0.0021831 -0.0473854 0.0060155 0.9988562
1691335025.894576 -0.0361131 0.1978782 2.0118234 -0.0011740 -0.0444750 0.0062013 0.9989905
1691335027.764248 -0.0379429 0.1995513 2.0320539 -0.0014102 -0.0484596 0.0058631 0.9988070
1691335035.735608 -0.0523546 0.2069375 2.1135192 -0.0004122 -0.0569548 0.0071989 0.9983507
1691335043.949847 -0.0653320 0.2124233 2.1842208 0.0039250 -0.0652648 0.0067074 0.9978377
1691335049.956744 -0.0759209 0.2184398 2.2387950 -0.0059291 -0.0680163 0.0059487 0.9976488
1691335056.744921 -0.0851390 0.2229743 2.2924488 -0.0052641 -0.0673429 0.0066279 0.9976940
1691335058.726399 -0.0909814 0.2242126 2.3215427 -0.0020506 -0.0668358 0.0064428 0.9977411
1691335071.425828 -0.1115611 0.2341717 2.4310563 -0.0032602 -0.0751558 0.0062522 0.9971469
1691335075.105372 -0.1227042 0.2375453 2.4728074 -0.0013507 -0.0850312 0.0074251 0.9963497
1691335078.720710 -0.1306599 0.2391627 2.5033669 0.0051720 -0.0928374 0.0084986 0.9956316
1691335084.420974 -0.1460849 0.2433074 2.5574872 0.0053708 -0.1021960 0.0088496 0.9947104
1691335086.633492 -0.1501930 0.2441725 2.5739446 0.0017138 -0.1016710 0.0087590 0.9947780
1691335088.467885 -0.1547268 0.2452332 2.5897243 0.0002689 -0.1045481 0.0079954 0.9944876
1691335094.067202 -0.1735041 0.2488405 2.6474023 0.0035053 -0.1168906 0.0089866 0.9930980
1691335098.208362 -0.1850828 0.2519946 2.6840699 0.0026908 -0.1199915 0.0085739 0.9927343
1691335101.405302 -0.1952674 0.2538241 2.7162223 0.0058225 -0.1246107 0.0092972 0.9921451
1691335105.217014 -0.2032440 0.2551431 2.7422869 0.0053931 -0.1241319 0.0093798 0.9922068
1691335122.748655 -0.2118970 0.2571608 2.7726462 0.0071080 -0.1256054 0.0095371 0.9920090
1691335127.438647 -0.2119154 0.2573406 2.7729192 0.0072440 -0.1257249 0.0096532 0.9919918
1691335128.458236 -0.2120657 0.2574241 2.7727537 0.0072528 -0.1255901 0.0097541 0.9920077
