1691335920.167678 -0.0063789 -0.0048737 -0.0349248 -0.0020746 0.0190012 -0.0001505 0.9998173
1691335933.868061 -0.0065792 -0.0026659 -0.0105649 -0.0012000 0.0273589 -0.0007359 0.9996247
1691335978.205322 -0.0080943 0.0039737 0.0618096 0.0056825 0.0102849 -0.0017326 0.9999295
1691336023.366421 -0.0102321 0.0112330 0.1379074 0.0031342 0.0143815 -0.0013849 0.9998907
1691336029.296937 -0.0096919 0.0122075 0.1496759 0.0059596 0.0098531 -0.0003755 0.9999337
1691336032.937672 -0.0102452 0.0119500 0.1548870 0.0034040 0.0121065 -0.0013222 0.9999201
1691336071.616430 -0.0122790 0.0174218 0.2220828 0.0018805 0.0122734 0.0000370 0.9999229
1691336081.234904 -0.0124436 0.0194541 0.2375337 -0.0030683 0.0083816 0.0013977 0.9999592
1691336095.422816 -0.0128949 0.0213293 0.2604227 -0.0013310 0.0072045 0.0017327 0.9999717
1691336102.311665 -0.0124621 0.0231750 0.2788253 -0.0026003 0.0005760 0.0043357 0.9999871
1691336106.231865 -0.0138524 0.0245454 0.2908998 -0.0023729 -0.0006995 0.0036035 0.9999905
1691336121.388919 -0.0166337 0.0283638 0.3436681 -0.0013884 -0.0095224 0.0040043 0.9999457
1691336128.157784 -0.0188042 0.0299889 0.3670280 0.0054144 -0.0142074 0.0031017 0.9998796
1691336129.985793 -0.0193037 0.0301642 0.3741486 0.0070943 -0.0152955 0.0033782 0.9998521
1691336140.643549 -0.0211919 0.0337368 0.4089245 0.0059232 -0.0177327 0.0042059 0.9998164
1691336146.945683 -0.0180786 0.0359148 0.4307317 0.0026397 0.0085472 0.0016591 0.9999586
1691336156.072700 -0.0190621 0.0385648 0.4640357 0.0009912 0.0150697 0.0001615 0.9998859
1691336157.468616 -0.0191554 0.0394218 0.4716621 0.0014603 0.0142774 0.0007733 0.9998967
1691336161.928884 -0.0193400 0.0401714 0.4813932 0.0038878 0.0187014 -0.0000301 0.9998176
1691336163.833426 -0.0199707 0.0409778 0.4916055 0.0003441 0.0242430 -0.0008543 0.9997057
1691336173.484113 -0.0210672 0.0439931 0.5254881 0.0015822 0.0019021 -0.0007393 0.9999967
1691336176.132800 -0.0213345 0.0446643 0.5340726 0.0033388 0.0014259 0.0005302 0.9999933
1691336180.324933 -0.0219136 0.0455826 0.5479385 0.0086788 -0.0003171 -0.0004907 0.9999622
1691336186.436008 -0.0238562 0.0474711 0.5718141 0.0084637 -0.0012409 -0.0004257 0.9999633
1691336188.912676 -0.0233394 0.0476484 0.5776334 0.0092491 0.0008552 -0.0005388 0.9999567
1691336190.653589 -0.0234232 0.0485778 0.5832543 0.0103140 0.0021564 -0.0004649 0.9999444
1691336204.600018 -0.0259445 0.0525546 0.6326512 0.0098019 -0.0009541 -0.0011143 0.9999509
1691336209.350684 -0.0256155 0.0541533 0.6494893 0.0049205 0.0074894 0.0004119 0.9999598
1691336220.421287 -0.0254009 0.0568974 0.6866698 -0.0000846 0.0157332 0.0003024 0.9998762
1691336224.225132 -0.0255358 0.0580202 0.7016302 0.0012566 0.0175476 0.0008688 0.9998448
1691336226.716893 -0.0255450 0.0588080 0.7098885 0.0000681 0.0177418 0.0011126 0.9998420
1691336233.398301 -0.0267957 0.0608403 0.7362248 -0.0032686 0.0107989 0.0017190 0.9999349
1691336238.345409 -0.0281593 0.0624933 0.7521275 0.0085805 0.0008911 0.0000314 0.9999628
1691336241.840316 -0.0290039 0.0631918 0.7627785 0.0104186 -0.0026641 -0.0004151 0.9999421
1691336245.910481 -0.0295929 0.0641073 0.7748209 0.0107541 -0.0053373 0.0002515 0.9999279
1691336248.247783 -0.0302049 0.0645350 0.7844793 0.0096665 -0.0075592 0.0011055 0.9999241
1691336250.479911 -0.0290055 0.0650716 0.7903569 0.0094391 -0.0035927 0.0012187 0.9999483
1691336254.018633 -0.0297382 0.0658271 0.8010707 0.0090351 -0.0059564 0.0019113 0.9999396
1691336256.981053 -0.0307315 0.0671466 0.8150060 0.0040147 -0.0050150 0.0018652 0.9999776
1691336275.194473 -0.0318017 0.0682171 0.8303925 0.0100409 -0.0063597 0.0019783 0.9999274
1691336279.971468 -0.0317266 0.0679655 0.8303304 0.0096788 -0.0065101 0.0014742 0.9999309
1691336281.406018 -0.0317564 0.0680502 0.8303142 0.0097199 -0.0064603 0.0015319 0.9999307
