1691336719.145837 -0.0045675 0.0055096 0.0283151 0.0040279 -0.0160659 -0.0003507 0.9998627
1691336725.851464 -0.0036461 0.0008108 0.0380759 0.0027397 -0.0259703 0.0010511 0.9996584
1691336752.828583 0.0006259 0.0073714 0.0946255 0.0048255 -0.0172523 0.0029824 0.9998351
1691336831.767745 -0.0128659 0.0140856 0.2529301 0.0027389 -0.0334474 0.0011507 0.9994361
1691336842.149096 -0.0119438 0.0152999 0.2716629 0.0030417 -0.0272734 0.0009253 0.9996229
1691336847.688875 -0.0118788 0.0163571 0.2808149 0.0040151 -0.0299132 0.0013337 0.9995435
1691336861.596669 -0.0120395 0.0176831 0.3007065 0.0031310 -0.0164639 0.0003082 0.9998595
1691336891.407083 -0.0131948 0.0210001 0.3582447 0.0018036 0.0198067 -0.0017797 0.9998006
1691336898.253705 -0.0138393 0.0218434 0.3690470 0.0011084 0.0259038 -0.0007714 0.9996635
1691336909.272746 -0.0116520 0.0204554 0.3656684 0.0021646 0.0098765 0.0057908 0.9999321
1691336919.470128 -0.0049379 0.0246655 0.3933719 0.0009265 0.0162374 -0.0077993 0.9998373
1691336940.100612 -0.0003530 0.0280767 0.4114066 0.0053901 -0.0166473 0.0128069 0.9997649
1691336947.700212 0.0014717 0.0291062 0.4211766 0.0075690 -0.0176967 0.0147365 0.9997061
1691336950.844633 0.0023140 0.0294169 0.4253337 0.0088666 -0.0205201 0.0150821 0.9996364
1691336952.403236 0.0027426 0.0295960 0.4277682 0.0099747 -0.0274355 0.0161705 0.9994430
1691336960.126269 0.0048416 0.0307078 0.4382541 0.0140756 -0.0363034 0.0200799 0.9990399
1691336965.134218 0.0058295 0.0310894 0.4436069 0.0157885 -0.0407491 0.0220887 0.9988005
1691336982.403805 0.0077894 0.0317437 0.4511114 0.0190505 -0.0579442 0.0247932 0.9978301
1691336993.713839 0.0077877 0.0317447 0.4511048 0.0190950 -0.0579685 0.0247355 0.9978293
