1691337428.961756 -0.0043162 0.0014977 0.0550610 0.0097433 -0.0341509 0.0010587 0.9993686
1691337438.924721 -0.0039329 0.0022105 0.0751490 0.0098260 -0.0308636 0.0010006 0.9994748
1691337520.419917 -0.0149380 0.0085447 0.2410316 0.0125373 -0.0421755 0.0009505 0.9990311
1691337526.724424 -0.0152598 0.0102370 0.2651654 0.0130797 -0.0420447 0.0013215 0.9990292
1691337535.116382 -0.0182739 0.0103418 0.3013416 0.0145047 -0.0621205 0.0013579 0.9979624
1691337615.400175 -0.0250231 0.0212924 0.4888560 0.0100811 -0.0517709 0.0006956 0.9986079
1691337617.088504 -0.0261044 0.0214436 0.4956220 0.0101672 -0.0549190 0.0008520 0.9984387
1691337622.510223 -0.0274416 0.0233287 0.5293441 0.0110618 -0.0540723 0.0010361 0.9984752
1691337662.840967 -0.0324428 0.0211433 0.5763184 0.0023559 0.0662722 -0.0153528 0.9976807
1691337663.937753 -0.0503877 0.0322729 0.6277867 -0.0033161 0.1628897 -0.0071919 0.9866125
1691337666.208496 -0.0251631 0.0266660 0.6298513 -0.0128643 0.2346306 -0.0087544 0.9719601
1691337667.955273 0.0143026 0.0139529 0.6164964 -0.0238754 0.2897469 -0.0098064 0.9567552
1691337700.333734 -0.0121581 0.0411805 0.7399244 0.0173363 -0.0377956 0.0004162 0.9991350
1691337703.495126 -0.0125476 0.0425942 0.7765575 0.0180011 -0.0402822 0.0001332 0.9990262
1691337706.180486 -0.0128656 0.0440782 0.8201142 0.0194315 -0.0497952 0.0016588 0.9985690
1691337707.857221 -0.0104081 0.0442274 0.8496801 0.0180033 -0.0423018 0.0011591 0.9989420
1691337723.552298 0.0241945 0.0829339 0.9147524 0.0340677 -0.0660859 0.0358486 0.9965876
1691337730.765681 0.0068213 0.0541276 1.0248480 0.0139457 -0.0577260 0.0074926 0.9982069
1691337739.223256 0.0085997 0.0548572 1.0383995 0.0153273 -0.0670575 0.0086858 0.9975936
1691337745.283540 0.0121833 0.0561221 1.0600520 0.0156901 -0.0680589 0.0093586 0.9975140
1691337747.992548 0.0167066 0.0578129 1.0812510 0.0168554 -0.0698796 0.0107481 0.9973551
1691337749.759266 0.0196025 0.0572925 1.1013147 0.0165849 -0.0701157 0.0104871 0.9973459
1691337752.400165 0.0312501 0.0585942 1.1452219 0.0175997 -0.0779685 0.0130538 0.9967150
1691337755.089605 0.0370234 0.0634936 1.1716750 0.0207174 -0.0829147 0.0157968 0.9962161
1691337758.511981 0.0389823 0.0659712 1.1826117 0.0224019 -0.0849253 0.0154390 0.9960158
