1691339355.312086 0.0052038 0.0027405 0.0270889 0.0000291 0.0057047 -0.0003829 0.9999837
1691339360.991085 0.0058925 0.0044980 0.0532970 0.0003491 0.0063439 -0.0001372 0.9999798
1691339389.426400 0.0155003 0.0086792 0.1316604 0.0017680 -0.0110361 -0.0003656 0.9999375
1691339400.984742 0.0165402 0.0059396 0.1427909 0.0865778 0.0393039 0.0087815 0.9954308
1691339401.920805 0.0211404 0.0118196 0.1432986 0.1381661 0.0423157 0.0196441 0.9893097
1691339408.903869 0.0234694 0.0171029 0.1769283 -0.0013740 0.0475311 -0.0011709 0.9988681
1691339422.534068 0.0427121 0.0274527 0.2988183 -0.0085276 0.0567280 -0.0015719 0.9983520
1691339425.881274 0.0486656 0.0306350 0.3444152 -0.0085866 0.0568770 -0.0019313 0.9983424
1691339429.090483 0.0548555 0.0339208 0.3918263 -0.0071185 0.0500352 -0.0017815 0.9987205
1691339432.254154 0.0550803 0.0346805 0.4022848 -0.0052442 0.0487949 -0.0013306 0.9987941
1691339434.014677 0.0608421 0.0366026 0.4410481 -0.0040218 0.0341631 -0.0011836 0.9994075
1691339437.658190 0.0826991 0.0410123 0.5239417 -0.0030356 0.0321021 -0.0023024 0.9994773
1691339439.696582 0.0982277 0.0462187 0.5753996 -0.0009415 0.0208560 -0.0012903 0.9997812
1691339443.226866 0.1101265 0.0504750 0.6130162 0.0006698 0.0225426 -0.0002815 0.9997456
1691339444.901634 0.1230656 0.0538046 0.6526101 0.0011495 0.0256463 0.0002696 0.9996704
1691339446.588828 0.1326164 0.0597665 0.7070273 0.0028845 0.0237997 0.0013646 0.9997116
1691339448.354069 0.1444510 0.0645774 0.7450015 0.0034271 0.0315689 0.0018312 0.9994940
1691339450.716597 0.1543487 0.0700348 0.8246856 -0.0064459 0.0073164 0.0063553 0.9999323
1691339452.940288 0.1754647 0.0749038 0.9143200 -0.0056911 -0.0014804 0.0067081 0.9999602
1691339455.550727 0.1840027 0.0764497 0.9352568 -0.0039901 -0.0027831 0.0077802 0.9999579
