1691344419.127609 -0.0008350 0.0014833 0.0385894 -0.0025596 0.0268687 -0.0027352 0.9996319
1691344427.989676 -0.0018640 0.0020428 0.0546566 -0.0005262 0.0066009 -0.0022524 0.9999756
1691344435.267086 -0.0049265 0.0028030 0.0805515 0.0025682 -0.0298872 -0.0009151 0.9995496
1691344559.393876 -0.0075322 0.0060607 0.1613310 0.0042515 -0.0337053 -0.0006367 0.9994226
1691344598.267049 -0.0083313 0.0072099 0.1894864 0.0027519 -0.0269844 0.0079833 0.9996002
1691344600.266739 -0.0075219 0.0073299 0.1955645 0.0014601 -0.0131772 0.0076373 0.9998829
1691344611.353958 -0.0085010 0.0087617 0.2272127 -0.0015612 -0.0016656 0.0075132 0.9999692
1691344615.889853 -0.0090202 0.0099251 0.2487302 -0.0021712 -0.0052464 0.0059140 0.9999664
1691344620.368621 -0.0088274 0.0107155 0.2708173 -0.0030478 0.0065875 0.0056014 0.9999580
1691344621.425658 -0.0096826 0.0110308 0.2760582 -0.0019741 -0.0030863 0.0059916 0.9999753
1691344622.745212 -0.0092208 0.0111318 0.2771969 -0.0017054 -0.0048344 0.0059942 0.9999689
