1691332634.024293 -0.0011803 -0.0002409 -0.0053897 0.0037198 0.0073382 -0.0009381 0.9999657
1691332647.358169 -0.0019302 0.0000915 0.0072786 0.0050727 -0.0220455 -0.0006111 0.9997439
1691332749.561420 -0.0041610 0.0055473 0.1253787 0.0013378 0.0141180 -0.0029644 0.9998950
1691332775.216346 -0.0010432 0.0078090 0.1789820 0.0047041 -0.0014637 0.0056698 0.9999718
1691332776.424406 -0.0009624 0.0076939 0.1837022 0.0038930 0.0039428 0.0049638 0.9999723
1691332778.494248 -0.0002251 0.0084833 0.1925805 0.0043159 0.0118246 0.0047436 0.9999095
1691332809.548728 -0.0007536 0.0111994 0.2600178 0.0067954 -0.0167439 0.0054762 0.9998217
1691332810.399799 -0.0007170 0.0114748 0.2662199 0.0062295 -0.0111704 0.0048524 0.9999064
1691332819.453104 -0.0002208 0.0129143 0.3033588 0.0065553 -0.0187979 0.0051568 0.9997885
1691332822.929489 0.0004349 0.0134954 0.3166659 0.0066803 -0.0144868 0.0052359 0.9998590
1691332833.127174 0.0005281 0.0153452 0.3551537 0.0022396 -0.0048974 0.0073473 0.9999585
1691332838.391735 0.0009407 0.0159476 0.3676561 0.0021678 -0.0081587 0.0077427 0.9999344
1691332841.065273 0.0012778 0.0163367 0.3783027 0.0022905 -0.0069533 0.0076666 0.9999438
1691332854.336169 0.0023362 0.0182949 0.4273510 0.0022283 -0.0023655 0.0070658 0.9999698
1691332888.451426 0.0076050 0.0188265 0.4448078 0.0048293 -0.0029430 0.0024844 0.9999809
1691332889.688041 0.0068267 0.0189771 0.4471905 0.0049830 -0.0120775 0.0030179 0.9999101
1691332891.949462 0.0066154 0.0187582 0.4464082 0.0095695 -0.0128485 0.0091192 0.9998301
1691332892.915837 0.0074892 0.0197398 0.4507587 0.0078698 -0.0123064 0.0094927 0.9998482
1691332894.199172 0.0078633 0.0203841 0.4529814 0.0118427 -0.0154260 0.0037921 0.9998037
1691332895.436156 0.0047251 0.0190454 0.4537582 0.0043819 -0.0028370 0.0023884 0.9999835
