1691333149.734329 0.0012422 0.0031187 0.0597916 -0.0008106 0.0196248 -0.0003110 0.9998071
1691333164.713634 0.0017775 0.0052850 0.1057201 -0.0019814 0.0064649 -0.0002538 0.9999771
1691333187.310710 0.0057858 0.0101924 0.1863344 -0.0083084 0.0239874 -0.0020948 0.9996756
1691333205.912439 0.0067001 0.0127241 0.2393734 0.0025700 -0.0033907 0.0093081 0.9999476
1691333206.775987 0.0069133 0.0129903 0.2435972 0.0022231 0.0038265 0.0088384 0.9999511
1691333231.125045 0.0098519 0.0175887 0.3396549 0.0039845 -0.0072696 0.0085555 0.9999290
1691333236.425200 0.0109497 0.0189498 0.3680296 0.0036431 0.0050433 0.0085400 0.9999442
1691333243.114295 0.0111159 0.0201045 0.3971345 0.0040432 -0.0020116 0.0086413 0.9999525
1691333245.309147 0.0120817 0.0208876 0.4117279 0.0024742 0.0016467 0.0086021 0.9999586
1691333259.268457 0.0133548 0.0230842 0.4471037 -0.0002187 0.0069535 0.0110504 0.9999148
1691333261.861515 0.0138707 0.0237567 0.4600732 0.0002551 0.0049263 0.0113341 0.9999236
1691333265.627807 0.0148117 0.0246433 0.4806393 0.0001719 -0.0018992 0.0110741 0.9999369
1691333287.433890 0.0149259 0.0256849 0.5310738 -0.0083748 0.0021320 0.0071645 0.9999370
1691333290.091746 0.0165371 0.0236327 0.5365942 -0.0094838 -0.0151970 0.0134562 0.9997490
1691333295.008342 0.0208962 0.0242954 0.5424746 -0.0085240 -0.0059174 0.0149150 0.9998349
1691333310.394288 0.0216482 0.0247122 0.5450985 -0.0104029 -0.0115065 0.0169128 0.9997366
1691333315.079041 0.0216444 0.0247078 0.5450814 -0.0103822 -0.0126883 0.0170017 0.9997211
1691333316.211745 0.0216503 0.0247150 0.5451129 -0.0102698 -0.0122558 0.0169618 0.9997283
