1691340889.240394 0.0000000 0.0000000 0.0000000 0.0000000 0.0000000 0.0000000 1.0000000
1691340898.529784 -0.0011509 0.0021472 0.0570512 0.0001177 0.0084077 0.0005389 0.9999645
1691340899.879826 -0.0011323 0.0029707 0.0679938 0.0004071 0.0115244 0.0021459 0.9999312
1691340911.530558 -0.0043078 0.0058337 0.1402309 0.0011778 0.0036930 0.0002564 0.9999924
1691340950.441545 -0.0013503 0.0113496 0.2231619 -0.0123684 0.1992738 -0.0070788 0.9798402
1691340951.102309 -0.0014247 0.0106887 0.2227268 -0.0130680 0.1979666 -0.0072182 0.9800951
1691340953.079603 -0.0195276 0.0103002 0.2196975 -0.0066288 0.1384483 -0.0018046 0.9903458
1691340961.535669 0.0103398 0.0156598 0.2606362 0.0009204 0.0479013 0.0033892 0.9988459
1691340969.188634 0.0123585 0.0177086 0.2870728 0.0057273 0.0090743 0.0094817 0.9998975
1691340971.254031 0.0134724 0.0184506 0.2997231 0.0062675 0.0033791 0.0121007 0.9999014
1691340972.174988 0.0141145 0.0193662 0.3074552 0.0073696 -0.0072420 0.0126800 0.9998662
1691340977.413549 0.0150322 0.0218656 0.3544724 0.0001453 -0.0305424 0.0168960 0.9993907
1691340979.557780 0.0162770 0.0230406 0.3729591 -0.0004092 -0.0336983 0.0151186 0.9993176
1691340980.659994 0.0164892 0.0234346 0.3798218 0.0001008 -0.0389824 0.0150618 0.9991264
1691340985.089931 0.0177354 0.0260926 0.4109803 0.0008691 -0.0261101 0.0203901 0.9994507
1691340987.326463 0.0204030 0.0289121 0.4277861 0.0019266 -0.0179417 0.0269208 0.9994747
1691340996.366786 0.0244869 0.0333647 0.4927671 0.0055964 -0.0238243 0.0338993 0.9991256
1691340998.709361 0.0247545 0.0338281 0.4980373 0.0032613 -0.0281074 0.0101620 0.9995480
1691340999.843966 0.0244487 0.0341500 0.5026917 0.0001312 -0.0430245 0.0116374 0.9990062
1691341004.945583 0.0247327 0.0291188 0.4982533 -0.0302379 -0.0596836 0.0124923 0.9976811
1691341009.205787 0.0252405 0.0297822 0.5009201 -0.0258735 -0.0697731 0.0159419 0.9970999
1691341072.336056 0.0253744 0.0301533 0.5023498 -0.0247310 -0.0539067 0.0208376 0.9980222
1691341087.075701 0.0249725 0.0299869 0.5023215 -0.0225421 -0.0944956 0.0164734 0.9951337
