1691342774.471932 0.0000000 0.0000000 0.0000000 0.0000000 0.0000000 0.0000000 1.0000000
1691342797.823887 -0.0003096 0.0003871 -0.0008533 -0.0000373 0.0068119 -0.0202558 0.9997717
1691342798.381834 0.0004853 0.0008937 -0.0011998 0.0001254 0.0099550 -0.0205848 0.9997385
1691342821.837487 0.0078624 0.0035047 0.0389983 0.0021604 -0.0100986 -0.0195753 0.9997550
1691342861.409886 0.0181364 0.0079234 0.1052182 0.0017443 -0.0043814 -0.0263801 0.9996409
1691342887.190475 0.0288941 0.0056018 0.1047479 -0.0039249 0.0710406 -0.0624952 0.9955060
1691342889.205325 0.0287972 0.0030215 0.0911883 -0.0065814 0.0383342 -0.0721757 0.9966332
1691342946.693820 0.0027213 0.0075255 0.1068063 0.0151654 -0.1140955 -0.0140828 0.9932542
1691343015.700560 0.0269227 0.0104177 0.1440595 0.0051579 0.0513079 -0.0196877 0.9984755
1691343025.078868 0.0267600 0.0112366 0.1441226 0.0056606 0.0540464 -0.0200972 0.9983201
1691343031.506576 0.0310436 0.0143716 0.1915055 0.0083627 0.0362111 -0.0198072 0.9991128
1691343032.607427 0.0323573 0.0159560 0.2010659 0.0089379 0.0407226 -0.0198743 0.9989328
1691343033.689530 0.0333973 0.0167240 0.2095063 0.0095495 0.0376965 -0.0199164 0.9990451
1691343045.905088 0.0371886 0.0216796 0.2665749 0.0136698 0.0352891 -0.0202928 0.9990776
1691343047.338500 0.0371810 0.0216817 0.2665595 0.0136514 0.0355041 -0.0203128 0.9990698
