1691343224.357771 0.0006224 -0.0025237 -0.0488295 -0.0007224 0.0007345 -0.0033242 0.9999939
1691343232.440347 0.0010146 -0.0015511 -0.0316338 -0.0001104 -0.0085614 0.0003480 0.9999633
1691343262.910197 0.0015845 0.0036851 0.0733755 -0.0011074 0.0133501 -0.0011294 0.9999096
1691343293.007058 0.0017809 -0.0069434 0.1197294 0.1539692 0.0143025 -0.0102194 0.9879193
1691343293.547862 0.0017625 -0.0070342 0.1195107 0.1613080 0.0167054 -0.0109759 0.9867017
1691343294.771479 0.0014992 -0.0060639 0.1206084 0.1800427 0.0209070 -0.0118544 0.9833651
1691343296.292775 0.0008334 0.0015321 0.1217735 0.1897151 0.0198525 -0.0065617 0.9816165
1691343298.052473 0.0008411 0.0015080 0.1217224 0.1933244 0.0204506 -0.0082019 0.9808874
1691343299.856760 0.0008414 0.0015484 0.1216929 0.1776801 0.0139062 -0.0040035 0.9839819
1691343302.566706 0.0008145 0.0018385 0.1212253 0.1516126 0.0143527 0.0039040 0.9883281
1691343304.454741 0.0008385 0.0018307 0.1211421 0.1431643 0.0119769 0.0059887 0.9896083
1691343319.892877 -0.0005978 0.0084142 0.1677547 0.0015019 -0.0080662 0.0013006 0.9999655
1691343320.994936 -0.0000953 0.0090682 0.1860045 0.0013643 -0.0049103 0.0147342 0.9998785
1691343324.534427 0.0021178 0.0111712 0.2436603 0.0011980 -0.0003601 0.0085057 0.9999630
1691343325.623106 0.0048570 0.0131053 0.2531896 0.0002347 -0.0099718 0.0109129 0.9998907
1691343329.499813 0.0006876 0.0133496 0.2672274 -0.0021565 0.0023405 -0.0027861 0.9999911
1691343331.083143 0.0007656 0.0134092 0.2673121 -0.0021762 0.0033022 -0.0028841 0.9999880
