1691685075.962074 0.0000000 0.0000000 0.0000000 0.0000000 0.0000000 0.0000000 1.0000000
1691685081.702503 -0.0021178 0.0303086 0.0002699 -0.0222429 0.0026037 -0.0017182 0.9997478
1691685082.349470 -0.0011401 0.0119670 -0.0001260 -0.0077942 0.0003117 0.0009302 0.9999691
1691685187.892040 -0.0208739 0.0239818 0.0008931 0.0028946 -0.0156056 0.0176339 0.9997185
1691685192.556419 -0.0288931 0.0010224 0.0208824 0.0058739 -0.0516698 0.0227209 0.9983885
1691685195.219821 -0.0418563 0.0087591 0.0344203 0.0036089 -0.0917381 0.0235253 0.9954987
1691685198.480386 -0.0428472 0.0074744 0.0309344 -0.0051781 -0.0639475 0.0239928 0.9976514
1691685234.720742 0.0108019 0.0393331 0.0326271 0.0039144 -0.0116079 0.0146460 0.9998177
1691685236.508763 0.0103668 0.0411420 0.0322187 0.0045254 -0.0125190 0.0147299 0.9998029
1691685241.776464 0.0094078 0.0585039 0.0292260 0.0002935 -0.0133524 0.0300199 0.9994601
1691685244.010005 0.0087198 0.0636985 0.0276927 0.0086677 -0.0080470 0.0324966 0.9994019
1691685246.166066 0.0083301 0.0652762 0.0278772 0.0008035 -0.0129866 0.0338575 0.9993420
1691685249.713119 0.0074137 0.0767412 0.0253056 -0.0005516 -0.0045264 0.0492890 0.9987742
1691685258.015538 0.0033748 0.0937747 0.0188421 0.0352825 -0.0169618 0.0621177 0.9973008
1691685259.407566 0.0032767 0.0954935 0.0198064 0.0247901 -0.0170222 0.0625859 0.9975864
1691685261.124754 0.0032744 0.0949148 0.0205134 0.0217332 -0.0146772 0.0604923 0.9978241
1691685263.273461 0.0020319 0.0982386 0.0197241 0.0228331 -0.0272047 0.0567606 0.9977559
1691685267.625184 0.0037545 0.1084814 0.0161345 0.0110227 -0.0015269 0.0694698 0.9975220
1691685270.111385 0.0009078 0.1157446 0.0172750 0.0000410 -0.0128534 0.0837305 0.9964055
1691685284.153656 0.0002862 0.1229010 0.0200666 -0.0307893 -0.0243985 0.0795663 0.9960552
1691685331.096191 -0.0029835 0.1306593 0.0383249 -0.0338489 -0.0249568 0.0774243 0.9961109
1691685336.460368 -0.0047480 0.1333276 0.0438406 -0.0305567 -0.0252306 0.0789108 0.9960938
1691685337.821257 -0.0051834 0.1343419 0.0461867 -0.0312795 -0.0222251 0.0790984 0.9961280
1691685356.695215 -0.0102547 0.1457670 0.0706290 -0.0336054 -0.0238313 0.0787080 0.9960461
1691685360.478277 -0.0111825 0.1482673 0.0752548 -0.0362951 -0.0248567 0.0796661 0.9958504
1691685361.804425 -0.0115387 0.1469114 0.0789146 -0.0377802 -0.0225101 0.0778618 0.9959937
1691685363.821044 -0.0141319 0.1526213 0.0795152 -0.0715809 -0.0323663 0.0805500 0.9936500
1691685369.042898 -0.0201278 0.1507405 0.0840095 -0.0104426 -0.0766453 0.0895542 0.9929736
1691685371.181543 -0.0222792 0.1517553 0.0861991 -0.0151167 -0.0813793 0.0884121 0.9926390
1691685374.611783 -0.0257710 0.1533495 0.0896600 -0.0148102 -0.0787131 0.0896530 0.9927473
1691685384.993226 -0.0346997 0.1573088 0.0974166 -0.0185998 -0.0779382 0.0861280 0.9930567
1691685390.177744 -0.0403244 0.1593620 0.1025847 -0.0158186 -0.0763086 0.0883387 0.9930373
1691685391.479520 -0.0428616 0.1605568 0.1050734 -0.0177841 -0.0773808 0.0872339 0.9930187
1691685393.005531 -0.0444312 0.1611538 0.1061909 -0.0107856 -0.0729996 0.0882587 0.9933605
1691685398.829259 -0.0490809 0.1633737 0.1107872 -0.0163450 -0.0775692 0.0871759 0.9930338
1691685402.825195 -0.0528008 0.1647928 0.1141245 -0.0164098 -0.0726556 0.0870798 0.9934128
1691685405.408992 -0.0555803 0.1662557 0.1169725 -0.0174426 -0.0761382 0.0856338 0.9932601
1691685409.857334 -0.0602141 0.1677824 0.1207254 -0.0149208 -0.0725596 0.0862574 0.9935150
1691685412.118547 -0.0619806 0.1684523 0.1227220 -0.0170580 -0.0740360 0.0864313 0.9933566
1691685414.078422 -0.0644434 0.1697853 0.1252843 -0.0167892 -0.0738509 0.0869918 0.9933260
1691685415.749584 -0.0650755 0.1704821 0.1254548 -0.0127178 -0.0553315 0.0831249 0.9949206
1691685418.992723 -0.0672507 0.1723409 0.1285369 -0.0133693 -0.0223397 0.0695284 0.9972402
1691685420.635483 -0.0603306 0.1720221 0.1197878 -0.0125693 -0.0107117 0.0620091 0.9979389
1691685421.994035 -0.0599423 0.1697139 0.1186719 -0.0079719 0.0262843 0.0483756 0.9984515
1691685423.690324 -0.0581057 0.1698665 0.1191721 -0.0124148 0.0201317 0.0441970 0.9987428
1691685425.608587 -0.0577303 0.1699393 0.1190155 -0.0041849 0.0222193 0.0446976 0.9987447
1691685426.778485 -0.0587122 0.1698923 0.1208693 -0.0031864 0.0243253 0.0452459 0.9986746
1691685428.021913 -0.0589453 0.1699901 0.1220477 -0.0127682 0.0173134 0.0440634 0.9987971
1691685429.258150 -0.0594629 0.1701190 0.1229788 -0.0107776 0.0171626 0.0449214 0.9987850
1691685431.017814 -0.0598374 0.1702635 0.1237096 -0.0078379 0.0179332 0.0457287 0.9987622
1691685432.621818 -0.0603292 0.1704292 0.1244791 -0.0097762 0.0137833 0.0458648 0.9988047
1691685433.543792 -0.0606736 0.1705267 0.1249911 -0.0097595 0.0147249 0.0461724 0.9987773
1691685435.053781 -0.0612549 0.1707097 0.1259421 -0.0107245 0.0120013 0.0469066 0.9987696
1691685439.470656 -0.0623338 0.1711399 0.1275769 -0.0100208 0.0103799 0.0479816 0.9987440
1691685440.829972 -0.0627095 0.1712523 0.1281960 -0.0132166 0.0094012 0.0471219 0.9987575
1691685442.341647 -0.0631213 0.1714165 0.1289615 -0.0130196 0.0091305 0.0470556 0.9987657
1691685444.122498 -0.0635629 0.1715471 0.1295931 -0.0153639 0.0042497 0.0470024 0.9987676
1691685445.666560 -0.0639936 0.1717417 0.1304844 -0.0139477 0.0043554 0.0470887 0.9987838
1691685447.601135 -0.0644295 0.1718313 0.1313194 -0.0134002 0.0015475 0.0464419 0.9988299
1691685449.421566 -0.0646844 0.1719179 0.1316804 -0.0163070 -0.0013678 0.0462573 0.9987955
1691685452.980889 -0.0655211 0.1721211 0.1333377 -0.0200668 -0.0063364 0.0455197 0.9987417
1691685454.998314 -0.0660779 0.1722820 0.1343897 -0.0236821 -0.0103396 0.0488291 0.9984728
1691685456.773027 -0.0664842 0.1724214 0.1351038 -0.0309075 -0.0165826 0.0509735 0.9980839
1691685458.319202 -0.0667672 0.1724789 0.1356605 -0.0307241 -0.0173149 0.0523585 0.9980054
1691685460.656268 -0.0670936 0.1725611 0.1362356 -0.0361509 -0.0190425 0.0509056 0.9978673
1691685464.282964 -0.0675614 0.1726936 0.1371796 -0.0393345 -0.0234456 0.0536606 0.9975087
1691685467.746272 -0.0680235 0.1729677 0.1381852 -0.0394963 -0.0283471 0.0550431 0.9972997
