1691156801.282450 0.0000000 0.0000000 0.0000000 0.0000000 0.0000000 0.0000000 1.0000000
1691156828.452408 0.0034571 0.0100183 0.0390560 -0.0038246 -0.0045724 0.0015537 0.9999810
1691156828.925308 0.0038205 0.0104040 0.0405323 -0.0050536 -0.0043116 0.0010110 0.9999774
1691156836.222762 0.0058959 0.0170062 0.0654515 -0.0045576 -0.0066703 0.0011502 0.9999667
1691156853.889542 0.0099953 0.0300750 0.1169913 -0.0024987 -0.0067712 -0.0001108 0.9999740
1691156869.959036 0.0142960 0.0422934 0.1644018 -0.0026434 -0.0080187 0.0008339 0.9999640
1691156872.617498 0.0148790 0.0448727 0.1736128 -0.0052225 -0.0098596 0.0004684 0.9999377
1691156899.441709 0.0216654 0.0658778 0.2545257 -0.0043623 -0.0029924 -0.0000630 0.9999860
1691156907.761676 0.0241476 0.0721132 0.2791855 -0.0001264 0.0005259 -0.0004992 0.9999997
1691156911.896167 0.0257789 0.0751939 0.2914815 -0.0019436 0.0042886 -0.0005621 0.9999887
1691156916.349638 0.0271874 0.0788463 0.3055921 -0.0014650 0.0052339 -0.0015049 0.9999841
1691156919.682901 0.0283097 0.0809472 0.3142717 0.0000783 0.0078907 -0.0017635 0.9999673
1691156951.438279 0.0314891 0.0962923 0.3771091 -0.0044452 -0.0497130 0.0131143 0.9986675
1691157017.579183 0.0270295 0.0963869 0.3764136 -0.0256709 -0.4203852 0.0991736 0.9015442
1691157039.817777 0.0125179 0.0999566 0.3867247 -0.0264687 -0.4431789 0.1043101 0.8899502
1691157043.595011 0.0041767 0.1020386 0.3930942 -0.0273586 -0.4439309 0.1044182 0.8895357
1691157046.683706 -0.0049456 0.1049298 0.4005097 -0.0284105 -0.4431639 0.1035223 0.8899897
1691157049.534832 -0.0111070 0.1064185 0.4053056 -0.0278340 -0.4425184 0.1036663 0.8903123
1691157057.239203 -0.0282592 0.1113193 0.4193820 -0.0282380 -0.4419840 0.1034231 0.8905933
1691157075.398251 -0.0717129 0.1238686 0.4542575 -0.0313934 -0.4409521 0.1037522 0.8909608
1691157077.195355 -0.0751170 0.1249229 0.4572802 -0.0317224 -0.4421577 0.1034766 0.8903835
1691157090.121268 -0.1047628 0.1334163 0.4812880 -0.0262865 -0.4411154 0.1032800 0.8911002
1691157103.133711 -0.1360075 0.1424506 0.5068857 -0.0275987 -0.4378719 0.1011358 0.8929043
1691157113.369367 -0.1598171 0.1494433 0.5264521 -0.0284672 -0.4360545 0.0989652 0.8940089
1691157125.911134 -0.1883769 0.1579762 0.5508947 -0.0254597 -0.4291015 0.1021004 0.8971060
1691157128.609205 -0.1947028 0.1598746 0.5562779 -0.0268008 -0.4286470 0.1021200 0.8972819
1691157148.166258 -0.2373821 0.1722147 0.5919894 -0.0244017 -0.4253953 0.1011561 0.8990055
1691157154.022380 -0.2527518 0.1766550 0.6047613 -0.0250808 -0.4264741 0.1007945 0.8985162
1691157163.069883 -0.2741428 0.1828774 0.6226051 -0.0243421 -0.4286102 0.1012891 0.8974638
1691157175.129222 -0.3011193 0.1904645 0.6447940 -0.0236999 -0.4322797 0.1038218 0.8954293
1691157176.999737 -0.3056336 0.1915998 0.6482149 -0.0224488 -0.4323204 0.1027698 0.8955632
1691157180.883651 -0.3152355 0.1944389 0.6560394 -0.0246669 -0.4333541 0.1031549 0.8949608
1691157184.390893 -0.3232211 0.1967779 0.6626230 -0.0274921 -0.4366878 0.1036542 0.8931986
1691157192.736502 -0.3366856 0.2008337 0.6734281 -0.0289430 -0.4388752 0.1066930 0.8917216
1691157300.507035 -0.3366702 0.2008199 0.6733786 -0.0284830 -0.4391004 0.1068287 0.8916093
