1691161590.539964 0.0000000 0.0000000 0.0000000 0.0000000 0.0000000 0.0000000 1.0000000
1691162490.017699 -0.0080237 -0.2460146 -0.4949572 0.0507368 -0.0182410 0.0315731 0.9980462
1691162527.339189 -0.0143652 -0.2777701 -0.4758157 0.1186051 -0.0177853 0.0398570 0.9919818
1691162605.157977 -0.0024759 -0.1259801 -0.5290710 0.0373748 0.0117186 0.0168149 0.9990911
1691162606.789501 -0.0009757 -0.1220896 -0.5309728 0.0382990 0.0199254 0.0133066 0.9989790
1691162671.938117 0.0016882 -0.1297647 -0.5696614 0.0692834 -0.0070693 0.0109347 0.9975120
1691162690.729717 0.0075933 -0.1476672 -0.6272045 0.0682819 -0.0071822 0.0101270 0.9975888
1691162700.135011 0.0106229 -0.1581806 -0.6596549 0.0697034 -0.0065747 0.0119676 0.9974743
1691162710.276476 0.0122358 -0.1658828 -0.6891499 0.0673757 -0.0062217 0.0110486 0.9976471
1691162726.050039 0.0147118 -0.1718819 -0.7083322 0.0684445 0.0056614 0.0066207 0.9976169
1691162741.403945 0.0215169 -0.1730276 -0.7098171 0.0748840 0.1479917 -0.0444477 0.9851473
1691162743.435600 0.0216215 -0.1727459 -0.7104812 0.0752004 0.1600539 -0.0494855 0.9829949
1691162745.696467 0.0225684 -0.1728283 -0.7105577 0.0764557 0.1814470 -0.0567822 0.9787785
1691162747.884690 0.0228227 -0.1727814 -0.7109562 0.0766799 0.1964244 -0.0618048 0.9755602
1691162818.808757 0.0208024 -0.1760859 -0.7138259 0.0784551 0.2671786 -0.0739942 0.9575934
1691162825.809391 0.0191245 -0.1769586 -0.7197726 0.0780381 0.2674604 -0.0704479 0.9578163
1691163042.212623 0.0221122 -0.1774460 -0.7174575 0.0817581 0.3994936 -0.1310082 0.9036356
1691163052.211194 -0.0021326 -0.1826535 -0.7403260 0.0788506 0.3962191 -0.1330536 0.9050358
1691163067.034806 -0.0074615 -0.1826460 -0.7441600 0.0813742 0.3949302 -0.1324642 0.9054621
1691163118.426294 -0.0098143 -0.1858132 -0.7530330 0.0821552 0.5545511 -0.1904132 0.8058948
1691163126.741263 -0.0363256 -0.1870714 -0.7630271 0.0821216 0.5539882 -0.1905282 0.8062581
1691163141.701744 -0.0519749 -0.1889699 -0.7696969 0.0814289 0.5934657 -0.2044848 0.7741795
1691163148.625643 -0.0721617 -0.1897342 -0.7755225 0.0804353 0.5946569 -0.2046249 0.7733317
1691163155.141252 -0.0721619 -0.1895492 -0.7755440 0.0809212 0.5947219 -0.2050389 0.7731214
1691163186.584856 0.0162274 -0.1871772 -0.7503608 0.0810133 0.5951139 -0.2056732 0.7726415
1691163192.369817 0.0353388 -0.1865335 -0.7455150 0.0812222 0.5991695 -0.2068994 0.7691499
1691163201.249467 0.0631792 -0.1867543 -0.7386992 0.0785749 0.6025128 -0.2036308 0.7676840
1691163208.552811 0.0837603 -0.1860827 -0.7335402 0.0785979 0.6049806 -0.2055166 0.7652344
1691163211.491347 0.0979928 -0.1853625 -0.7310380 0.0777950 0.6063980 -0.2059820 0.7640685
1691163218.720232 0.1182305 -0.1854234 -0.7265360 0.0784168 0.6068379 -0.2051767 0.7638724
1691163220.937542 0.1245230 -0.1854260 -0.7250083 0.0769061 0.6092274 -0.2044927 0.7623059
1691163222.942015 0.1314608 -0.1851281 -0.7236267 0.0777073 0.6089801 -0.2054126 0.7621748
1691163226.339269 0.1436544 -0.1849938 -0.7208236 0.0773860 0.6095348 -0.2064360 0.7614873
1691163231.679622 0.1603302 -0.1847984 -0.7176445 0.0761422 0.6110492 -0.2060977 0.7604899
1691163235.114746 0.1719554 -0.1846702 -0.7155804 0.0766161 0.6126465 -0.2073460 0.7588161
1691163236.977801 0.1773545 -0.1845741 -0.7143900 0.0755893 0.6126224 -0.2072484 0.7589652
1691163240.869279 0.1903959 -0.1841284 -0.7118896 0.0753540 0.6143842 -0.2071533 0.7575892
1691163242.273522 0.1957887 -0.1842349 -0.7112326 0.0750751 0.6161541 -0.2073959 0.7561117
1691163244.005484 0.1999296 -0.1838875 -0.7102358 0.0752275 0.6170698 -0.2083392 0.7550896
1691163248.211827 0.2115253 -0.1834988 -0.7082878 0.0758160 0.6167858 -0.2096266 0.7549065
1691163250.252210 0.2157710 -0.1835790 -0.7076319 0.0772952 0.6161839 -0.2111101 0.7548347
